36
46
75
55
12
46
42
3
14
14
16
27
69
39
42
55
33
50
80
72
73
76
41
45
34
79
77
16
56
77
18
99
74
100
92
95
91
92
31
51
95
86
5
87
19
46
69
49
35
7
37
98
64
14
9
18
9
34
36
19
69
17
37
4
16
54
81
57
20
50
85
87
32
84
49
22
43
98
29
37
1
37
28
63
78
3
57
60
31
39
100
33
61
40
32
71
70
55
75
83
26
40
41
17
35
91
93
33
69
75
70
59
37
96
76
73
48
96
84
14
39
38
56
13
48
77
27
82
22
68
23
80
98
45
85
19
4
14
100
37
71
43
45
36
90
84
83
4
24
73
11
89
36
52
92
69
83
97
72
68
61
1
13
94
100
100
75
10
90
79
64
87
52
21
98
26
9
72
10
40
67
74
40
27
55
34
85
2
23
20
21
94
7
54
20
91
19
37
91
5
66