67
53
47
22
50
53
45
81
70
23
41
28
34
29
81
77
3
92
22
37
94
48
19
98
86
61
94
92
98
94
67
3
97
81
28
10
64
57
62
33
64
36
7
69
93
71
88
90
54
43
45
22
59
72
91
70
4
21
72
61
86
88
99
2
94
85
49
84
99
11
96
67
89
11
64
33
96
23
83
56
41
29
12
24
3
27
9
60
93
86
33
3
47
64
22
86
90
60
94
92
25
76
78
30
67
71
39
40
56
69
60
86
13
88
40
36
77
69
50
30
98
68
5
32
40
41
34
15
42
79
55
44
88
5
62
95
53
73
3
49
92
33
90
28
79
90
26
100
74
40
76
47
7
52
86
59
5
32
65
1
71
71
13
28
90
22
32
90
44
13
8
41
24
11
22
45
86
99
98
5
84
51
34
72
39
62
25
55
83
77
84
76
89
63
92
53
1
36
48
86
43
8
57
55
28