85
3
42
23
20
19
23
32
6
15
97
10
58
61
37
69
22
78
65
68
83
17
21
40
70
94
40
84
68
12
77
47
9
86
60
74
78
40
16
74
9
6
39
41
31
57
23
94
2
26
74
80
98
52
77
72
90
9
89
18
7
59
93
52
54
2
31
7
23
51
52
83
33
9
99
99
3
21
34
45
74
76
15
49
66
54
3
2
63
37
96
49
62
92
20
39
76
89
72
83
42
74
17
18
89
43
13
34
77
88
76
95
17
93
20
11
71
40
61
89
34
58
90
25
43
77
27
40
51
16
18
80
86
89
87
92
66
73
1
90
28
7
48
37
89
49
9
83
70
24
39
100
49
1
32
11
77
70
98
65
15
14
66
100
56
8
51
15
58
92
54
10
7
14
95
15
42
42
45
55
20
12
1
32
73
37
94
59
70