0061
0000
0003
0009
000D
0011
0014
0017
0019
001D
0023
0027
002B
002C
002E
0030
0034
0036
0037
003A
003B
003D
003F
0045
0047
004A
004D
0053
0055
0057
005B
005F
0060
0064
0065
0068
006B
006F
0071
0077
007B
007E
0080
0083
0084
0086
008C
0091
0095
0099
009C
009F
00A1
00A5
00AA
00AB
00AC
00AF
00B2
00B3
00B7
00B8
00BC
00BE
00C1
00C5
00C7
00CB
00CC
00CE
00D3
00D5
00D8
00DA
00DE
00E1
00E5
00E9
00EC
00EE
00F0
00F5
00F7
00FB
00FF
0100
0102
0105
0107
010C
010D
0110
0114
0116
0119
011D
0121
0125
0125
0000
0001
0006
0000
0003
0006
0007
0008
0009
0001
0002
0008
0009
0001
0003
0006
0008
0002
0005
0009
0000
0005
0008
0000
0002
0006
0007
0008
0009
0000
0001
0004
0006
0007
0008
0000
0004
0005
0006
0001
0003
0006
0008
0004
0003
0006
0000
0001
0003
0006
0007
0008
0001
0004
0006
0000
0005
0009
0002
0002
0006
0006
0007
0001
0002
0003
0005
0008
0009
0004
0006
0001
0003
0005
0000
0001
0006
0002
0003
0004
0006
0007
0009
0000
0009
0000
0005
0000
0002
0003
0009
0000
0001
0004
0008
0009
0001
0005
0006
0007
0004
0001
0002
0008
0007
0008
0009
0003
0004
0006
0007
0000
0005
0000
0002
0006
0007
0008
0009
0000
0004
0006
0009
0000
0007
0008
0001
0006
0001
0002
0005
0009
0001
0009
0001
0002
0003
0004
0006
0008
0000
0002
0004
0007
0009
0000
0005
0006
0007
0004
0005
0008
0009
0004
0005
0006
0003
0004
0006
0000
0006
0000
0002
0006
0007
0000
0004
0005
0006
0009
0009
0006
0000
0005
0006
0000
0003
0007
0008
0002
0005
0007
0009
0001
0000
0001
0004
0009
0000
0001
0000
0005
0009
0001
0006
0007
0009
0001
0008
0001
0004
0006
0008
0002
0004
0007
0002
0003
0004
0005
0008
0006
0008
0000
0004
0005
0007
0009
0002
0004
0007
0009
0000
0005
0007
0001
0002
0007
0008
0002
0004
0007
0009
0001
0005
0008
0001
0009
0006
0009
0000
0001
0005
0006
0007
0001
0003
0002
0005
0008
0009
0000
0004
0005
0008
0005
0005
0007
0003
0004
0009
0003
0008
0000
0003
0004
0007
0009
0003
0000
0001
0003
0000
0006
0008
0009
0004
0008
0002
0008
0009
0003
0004
0006
0009
0000
0002
0004
0006
0000
0002
0007
0008
