11
9
62
56
50
74
53
97
90
36
74
37
49
70
56
44
19
79
59
18
68
87
39
36
89
29
32
11
22
56
29
50
23
52
67
59
61
57
9
57
100
43
44
70
3
13
26
63
15
63
4
75
68
56
22
38
91
7
75
47
6
18
96
84
70
37
22
40
28
73
50
100
44
42
90
39
87
91
86
61
61
80
27
91
92
98
53
83
42
22
28
77
28
17
71
3
15
34
6
30
29
15
41
12
56
42
2
26
39
68
87
91
3
4
59
55
30
98
28
83
34
19
65
25
16
47
83
66
11
42
56
1
15
86
48
38
21
17
34
93
100
50
43
28
78
76
15
25
39
77
7
85
91
22
36
20
43
20
51
80
48
86
78
30
18
29
43
60
51
64
60
10
13