0
3
5
6
13
14
20
21
26
27
29
32
37
39
40
42
46
47
48
51
0
1
2
5
11
12
13
16
19
22
27
29
31
37
40
43
46
47
49
2
4
7
12
15
16
21
22
43
45
4
7
10
11
14
17
18
20
22
29
31
36
38
42
48
1
7
8
9
11
14
15
20
22
27
29
30
32
33
34
35
40
42
45
49
3
6
8
9
11
12
17
18
19
22
25
27
28
33
35
38
39
41
46
47
48
50
0
1
3
4
9
13
14
18
22
23
25
29
31
32
35
36
38
42
48
50
2
4
6
9
10
13
15
16
18
22
23
28
29
30
35
37
38
41
43
44
48
51
1
5
7
12
13
20
25
31
33
36
38
45
47
2
11
16
19
22
23
29
30
36
37
38
40
45
46
48
0
7
9
10
12
16
17
19
25
26
28
30
31
42
51
5
8
9
12
14
16
19
23
27
32
34
35
43
49
51