67
4
46
64
93
80
96
50
33
42
69
89
9
43
13
54
89
93
43
70
15
38
95
80
56
49
51
5
70
48
45
3
2
60
29
40
5
72
57
1
83
90
48
14
15
16
17
78
66
43
87
70
77
73
52
58
28
4
65
64
30
94
62
10
27
31
74
39
59
1
95
92
46
69
79
16
90
90
90
86
67
50
77
56
21
89
24
10
7
2
92
45
11
34
42
94
32
15
7
82
38
49
85
18
86
56
7
25
16
83
24
27
89
30
97
47
53
18
97
6
25
91
18
51
37
21
73
19
39
97
12
21
18
64
74
87
54
91
72
52
85
99
97
67
65
82
60
68
47
42
56
97
45
24
42
73
10
52
78
3
9
52
84
4
79
94
70
73
64
89
60
72
24
5
85
64
18
64
55
18
49
90
2
51
89
21
21
58
49
26
13
91
39
97
42
23
9
67
37
7
49
71
98
42
99
39
44
19
62
73
93
58
62
44
82
64
40
3
31
54
2
20
86
100
89
61
56
70
33
11