000B
0000
000A
0014
001D
0027
0031
003B
0043
004C
0056
0060
0060
0000
0001
0002
0003
0004
0005
0006
0007
0008
0009
0000
0001
0002
0003
0004
0005
0006
0007
0008
0009
0000
0001
0002
0003
0004
0005
0006
0007
0009
0000
0001
0002
0003
0004
0005
0006
0007
0008
0009
0000
0001
0002
0003
0004
0005
0006
0007
0008
0009
0000
0001
0002
0003
0004
0005
0006
0007
0008
0009
0000
0001
0003
0005
0006
0007
0008
0009
0000
0001
0002
0003
0004
0005
0006
0007
0009
0000
0001
0002
0003
0004
0005
0006
0007
0008
0009
0000
0001
0002
0003
0004
0005
0006
0007
0008
0009
