18
49
79
52
67
55
28
97
71
97
99
67
8
23
25
60
75
24
24
15
72
83
42
99
14
78
18
32
6
67
29
85
77
61
55
85
16
85
89
5
57
59
9
17
49
1
37
62
79
15
63
90
17
36
67
62
37
85
43
35
51
1
55
64
14
38
21
75
76
36
85
68
61
8
88
94
76
89
46
5
72
6
7
80
34
1
12
15
16
35
23
53
5
13
15
37
80
36
61
95
2
52
38
8
12
49
99
90
25
92
7
65
38
12
82
42
59
73
81
82
57
95
13
89
32
97
64
41
74
84
86
89
15
4
11
69
56
74
93
61
87
45
91
44
96
12
9
35
64
68
37
40
40
88
51
85
29
37
20
14
16
56
58
74
50
6
11
88
2
68
81
18
89
23
64
55
25
49
70
21
38
63
68
30
95
46
27
67
42
13
17
70
40
84
48
68
9
84
10
44
82
36
76
77
38
54
35
75
14
1
91
8
53
25
54
38
14
11
56
93
56
32
69
27
65
21
1
87
95
64
98
72
40
68
77
29
1
80
39
9
11
47
83
39
21
51
45
82
17
60
96
52
7
97
87
40
81
13
96
56
34
60
30
41
58
92
58
66
64
91