0
1
9
17
19
21
31
37
39
1
3
5
7
17
19
23
25
31
37
39
0
9
17
19
21
25
29
31
3
7
9
11
13
19
21
23
25
27
31
35
37
39
0
3
9
15
19
21
27
29
31
33
35
39
0
1
5
7
9
11
15
17
21
23
25
27
29
31
35
37
39
3
5
9
13
15
19
21
23
27
29
31
35
37
1
3
5
7
9
13
17
21
23
25
27
29
31
35
37
39
0
1
3
9
11
15
19
29
31
35
37
39
1
5
11
13
19
21
23
25
27
29
31
37
39
13
15
17
23
25
27
31
35
37
39
3
5
9
15
17
21
23
25
33
35
39
3
9
11
15
17
19
23
27
35
39
5
7
9
11
13
17
19
23
25
27
31
33
35
37
0
1
7
13
15
19
21
25
29
31
33
37
39