0
1
3
7
9
11
0
1
3
9
11
13
3
5
7
9
13
3
5
7
9
13
1
3
7
11
13
5
11
0
3
7
9
13
7
11
13
1
9
13
0
1
3
5
9
11
13
0
3
7
9
13
1
3
9
11
13
5
7
11
5
13
5
7
3
7
0
1
3
5
9
13
1
3
9
11
0
5
7
9
13
1
5
7
9
11
13
0
3
7
9
11
13
1
5
11
0
1
5
7
9
11
1
3
5
9
13
5
7
9
11
3
5
7
11
13
0
3
5
9
13
3
5
7
13
0
3
1
3
7
13
1
5
7
9
11
13
3
5
7
13
3
5
9
11
0
1
3
5
7
9
11
13
3
5
7
9
13
0
3
5
7
11
3
11
13
3
5
7
9
1
3
5
9
9
13
1
3
5
9
1
7
11
13
1
5
9
11
1
3
5
7
11
13
0
1
3
5
7
9
13
1
3
5
7
9
11
13
5
7
9
13
1
5
11
5
7
9
11
13
1
3
7
13
0
1
3
5
7
9
11
13