93
33
22
41
41
40
64
90
74
55
96
28
94
20
24
55
87
36
16
86
39
33
46
39
58
18
91
14
70
32
13
6
6
54
8
52
97
88
70
61
76
26
98
4
20
25
39
63
47
81
4
94
43
2
7
8
89
8
42
26
87
61
80
11
54
8
86
71
87
26
83
35
8
25
94
6
75
98
73
41
63
79
26
74
46
16
29
89
49
13
14
19
23
41
18
32
21
19
24
64
72
41
94
45
26
65
9
88
57
37
99
94
21
50
12
3
43
54
83
71
59
92
30
64
59
6
24
24
47
45
6
71
68
93
66
42
8
38
89
92
34
71
64
50
83
16
9
87
84
37
56
8
18
28
51
34
60
82
91
94
72
64
49
71
95
51
62
91
17
72
64
61
71
29
85
32
59
71
53
30
82
21
29
68
69
71
20
18
12
26
50
79
61
12
70
99
2
68
65
92
74
52
55
45
89
52
82
24
47
92
75
13
53
41
25
52
27
77
8
96
98
100