31
84
6
18
31
8
46
54
54
8
26
17
53
45
26
35
68
85
55
99
51
91
3
25
32
78
36
60
75
41
83
11
78
79
59
36
54
72
56
86
50
3
46
93
77
39
44
71
45
97
50
36
14
27
94
1
47
53
4
25
56
96
48
96
12
27
36
75
34
43
19
100
33
9
67
92
57
65
66
72
99
78
58
39
81
74
41
92
77
51
97
100
13
100
28
91
51
71
71
26
92
68
8
98
41
25
11
71
94
12
37
21
6
16
79
54
42
48
73
14
35
88
83
88
97
6
18
44
14
96
65
63
63
39
83
92
35
51
93
93
95
42
46
95
36
80
24
40
6
71
34
3
8
22
69
26
31
9
53
89
40
36
43
3
88
29
76
82
98
39
44
68
2
63
10
54
76
74
83
46
53
6
66
27
44
29
24
49
54
30
11
2
67
92
36
64
5
94
41
45
83
9
24
33
60
19
77
5
48
37
35
10
99
30
46
28
2
84
36
71
55
19
87
28
15
23
68
47
88
54
29
11
59
10
39
67
56
6
99
89
75
4
67
39
76
5
16
89
57
100
64