0065
0000
0006
000D
0014
0019
001E
0025
002C
0031
0037
003C
0043
0046
004A
004F
0054
0058
005B
005F
0063
0067
006B
0073
0077
007D
0081
0088
008C
008F
0092
0099
00A0
00A4
00AA
00AD
00B0
00B8
00BF
00C4
00CB
00D1
00D7
00DB
00E0
00E2
00E6
00EC
00F3
00F8
00FE
0103
0108
010B
0110
0116
0119
011E
0122
0126
0129
012E
0130
0136
013A
0140
0143
0147
014D
0153
015A
015D
0162
0167
016B
016F
0173
0179
017D
0185
018A
0191
0195
0199
019F
01A5
01AC
01B1
01B5
01BA
01C1
01C7
01CB
01D2
01D4
01D9
01DE
01E3
01E8
01EF
01F5
01FB
01FB
0000
0001
0002
0003
0006
0007
0000
0003
0004
0006
0007
0008
0009
0000
0001
0002
0005
0007
0008
0009
0000
0001
0003
0006
0008
0000
0002
0004
0005
0009
0000
0001
0003
0004
0005
0007
0008
0000
0001
0002
0004
0005
0007
0009
0000
0006
0007
0008
0009
0000
0001
0004
0006
0007
0008
0000
0004
0005
0006
0009
0000
0001
0003
0004
0005
0006
0008
0004
0006
0008
0001
0003
0006
0008
0000
0001
0004
0005
0007
0003
0004
0006
0007
0008
0001
0004
0006
0008
0003
0005
0006
0000
0002
0005
0009
0000
0002
0006
0007
0000
0002
0003
0006
0005
0006
0007
0009
0000
0001
0002
0003
0005
0007
0008
0009
0000
0004
0006
0009
0001
0002
0003
0004
0005
0006
0000
0001
0004
0006
0000
0002
0003
0004
0006
0007
0009
0000
0002
0007
0009
0000
0005
0006
0005
0006
0007
0000
0002
0003
0005
0006
0008
0009
0000
0001
0003
0004
0005
0006
0008
0002
0005
0008
0009
0000
0001
0002
0005
0006
0007
0001
0004
0009
0001
0002
0008
0000
0001
0002
0005
0006
0007
0008
0009
0003
0004
0005
0006
0007
0008
0009
0000
0001
0003
0004
0005
0000
0001
0002
0006
0007
0008
0009
0000
0002
0004
0005
0006
0009
0000
0002
0003
0005
0007
0008
0000
0001
0002
0006
0001
0002
0003
0004
0005
0002
0009
0000
0001
0005
0009
0001
0002
0003
0004
0006
0008
0000
0002
0003
0004
0005
0007
0009
0000
0004
0005
0006
0007
0002
0004
0005
0007
0008
0009
0001
0004
0005
0006
0007
0001
0002
0003
0004
0006
0000
0006
0007
0000
0002
0006
0007
0009
0000
0004
0005
0006
0007
0009
0005
0007
0009
0000
0001
0005
0006
0007
0000
0004
0005
0006
0000
0001
0003
0007
0003
0005
0008
0002
0003
0005
0007
0009
0001
0002
0000
0001
0002
0004
0008
0009
0001
0002
0003
0009
0000
0001
0002
0005
0007
0008
0003
0008
0009
0000
0005
0008
0009
0001
0002
0003
0006
0007
0009
0001
0002
0005
0006
0007
0008
0001
0002
0004
0005
0006
0007
0008
0001
0002
0008
0002
0004
0005
0007
0009
0002
0003
0004
0005
0008
0000
0006
0007
0008
0000
0004
0005
0006
0004
0006
0007
0009
0002
0003
0004
0006
0007
0009
0000
0003
0005
0007
0000
0001
0002
0003
0006
0007
0008
0009
0001
0002
0004
0005
0008
0000
0002
0003
0004
0007
0008
0009
0001
0005
0007
0008
0001
0004
0007
0009
0001
0003
0004
0006
0008
0009
0000
0001
0003
0005
0006
0007
0000
0001
0003
0004
0005
0006
0008
0002
0005
0007
0008
0009
0000
0004
0005
0008
0000
0001
0004
0005
0008
0000
0001
0002
0003
0004
0005
0007
0003
0004
0005
0007
0008
0009
0003
0005
0006
0008
0000
0001
0003
0004
0006
0007
0009
0003
0005
0000
0001
0003
0008
0009
0000
0006
0007
0008
0009
0003
0004
0005
0006
0008
0002
0005
0006
0008
0009
0002
0003
0004
0005
0006
0008
0009
0000
0002
0004
0005
0006
0008
0000
0002
0004
0006
0007
0008
