000B
0000
000A
0014
001E
0028
0032
003C
0046
0050
005A
0064
0064
0000
0001
0002
0003
0004
0005
0006
0007
0008
0009
0000
0001
0002
0003
0004
0005
0006
0007
0008
0009
0000
0001
0002
0003
0004
0005
0006
0007
0008
0009
0000
0001
0002
0003
0004
0005
0006
0007
0008
0009
0000
0001
0002
0003
0004
0005
0006
0007
0008
0009
0000
0001
0002
0003
0004
0005
0006
0007
0008
0009
0000
0001
0002
0003
0004
0005
0006
0007
0008
0009
0000
0001
0002
0003
0004
0005
0006
0007
0008
0009
0000
0001
0002
0003
0004
0005
0006
0007
0008
0009
0000
0001
0002
0003
0004
0005
0006
0007
0008
0009
