14
48
12
33
22
38
17
35
48
58
34
38
32
65
78
22
2
58
61
41
96
32
33
72
10
79
97
30
46
60
33
55
56
36
51
94
76
30
80
80
89
38
96
78
31
30
58
51
78
82
16
92
78
50
45
97
84
63
38
77
87
89
89
9
50
63
70
40
82
69
100
43
91
84
1
46
61
48
17
38
3
89
56
24
97
31
24
16
82
79
70
15
85
40
24
85
32
30
100
52
64
96
95
11
66
71
60
92
23
96
66
37
85
16
75
100
1
89
24
90
90
32
43
42
96
45
69
25
36
74
29
64
8
32
15
4
7
42
64
36
61
95
92
2
61
32
59
51
47
73
42
5
80
3
29
14
75
85
51
81
16
19
46
14
63
59
52
59
50
84
21
74
87
48
19
98
29
33
66
52
39
3
23
85
34
6
98