0
2
3
7
9
10
14
0
1
3
8
10
13
14
2
3
5
6
8
12
13
2
5
6
7
8
13
0
3
6
11
12
4
10
2
7
9
12
13
14
7
11
13
0
8
12
0
1
2
4
8
9
11
12
14
3
6
8
12
13
14
0
3
8
9
10
12
13
5
6
7
10
11
5
12
13
4
6
2
3
7
0
1
2
4
5
9
12
14
0
2
3
8
10
11
4
5
6
7
9
13
14
0
5
7
9
10
12
13
3
7
8
9
10
12
14
1
4
11
0
4
6
9
11
14
1
3
5
9
12
4
5
6
9
11
3
4
6
10
13
2
4
9
12
14
3
4
7
13
2
3
14
1
2
3
6
12
0
1
4
5
6
8
9
10
12
13
2
4
7
12
3
4
5
8
10
0
1
2
3
4
6
8
10
11
12
14
3
4
6
8
9
12
13
2
3
4
6
10
14
2
10
13
2
4
5
7
8
0
2
4
9
8
12
0
1
3
4
5
8
9
1
7
10
12
13
0
5
9
11
0
2
4
7
10
12
0
2
5
6
8
12
14
1
2
4
6
8
10
11
12
13
5
6
7
8
13
0
4
11
4
7
8
11
12
1
3
7
13
1
2
4
6
8
9
11
12
13
14