66
78
97
98
44
35
71
10
5
3
8
90
12
77
60
49
56
12
39
93
8
44
50
6
50
54
63
98
2
10
58
26
98
40
81
72
91
14
56
84
73
16
34
42
15
60
35
36
97
4
84
43
16
19
97
78
62
26
16
29
60
31
27
88
8
2
12
2
16
37
65
1
35
68
74
76
1
98
42
56
40
75
32
61
67
81
64
34
62
91
21
51
17
85
8
21
1
17
43
80
45
54
39
78
9
73
49
43
4
27
5
95
55
44
87
53
47
74
71
45
30
43
13
70
12
94
51
43
60
43
41
21
61
59
68
89
68
81
96
16
63
93
75
78
72
4
100
79
26
76
10
76
97
99
13
35
32
31
13
91
20
92
50
24
22
60
54
15
79
51
100
2
45
70
68
5
40
2
28
95
74
100
17
48
61
38
50
14
71
14
37
68
50
94
9
40
56
29
61
44
28
33
88
16
84
87
52
70
57
25
95
58
13
16
2
47
52
37
54
78
90
46
67
74
6
30
26
23
94
10
11
43
91
42
9
75
11
32
60