42
28
61
18
89
81
83
16
89
36
61
19
31
55
10
55
51
9
42
82
90
82
84
1
17
38
77
76
63
47
72
14
97
5
66
26
44
43
50
81
100
71
70
93
35
94
89
51
23
69
13
57
30
100
62
44
94
1
86
95
73
27
85
68
58
93
46
13
25
75
93
33
20
60
64
73
69
32
94
56
35
46
83
46
21
46
53
16
4
40
96
82
31
39
73
44
50
47
22
25
49
36
1
82
42
86
89
61
32
50
63
25
50
27
24
88
35
75
6
91
23
100
53
21
26
95
93
26
38
50
58
29
36
16
31
84
27
59
49
37
83
36
23
12
13
56
59
61
5
67
10
82
84
14
38
89
35
28
63
17
34
68
41
5
68
95
92
41
95
100
10
10
2
32
56
39
25
91
43
64
5
45
59
84
31
90
86
39
89
95
93
21
79
64
72
34
31
76
24
17
29
91
17
55
58
62
89
71
24
40
86
99
5
71
39
47
72
9
55
51
44
19
88
50
61