90
69
85
56
44
93
23
84
89
42
64
14
46
75
42
34
48
17
10
77
63
16
10
92
17
70
46
80
23
53
12
66
80
15
69
84
75
18
84
64
36
54
14
69
60
17
2
76
3
81
97
99
5
31
17
70
64
35
87
62
29
47
66
71
53
11
40
33
81
90
38
93
47
39
5
26
74
65
12
78
17
18
89
42
72
5
53
75
96
85
21
81
98
58
85
99
17
28
19
93
5
20
100
54
12
90
64
39
62
84
96
59
56
49
74
30
45
50
36
22
25
14
78
44
9
12
54
93
86
19
97
48
37
72
27
63
19
86
60
38
31
62
57
15
36
48
85
91
55
95
13
65
36
39
70
84
5
17
31
59
50
31
5
92
96
32
58
61
47
32
66
11
40
27
2
15
74
8
81
59
41
68
79
54