1
3
5
0
2
3
5
0
1
5
6
7
1
4
7
0
1
4
7
3
5
6
1
3
6
7
0
2
4
7
1
2
4
6
1
3
4
6
7
0
4
6
2
6
0
1
4
0
4
6
0
0
2
5
6
7
0
1
4
1
3
0
3
5
6
0
6
3
4
0
3
5
0
1
3
4
1
3
7
1
5
0
2
4
4
6
0
2
3
7
0
5
6
0
5
0
3
5
0
0
2
5
6
5
6
0
2
4
6
7
0
1
3
4
7
4
0
1
5
6
0
4
5
2
5
4
0
2
4
6
0
1
2
5
0
2
3
7
3
0
2
5
7
0
1
3
4
7
6
0
3
7
2
7
1
6
2
4
5
7
0
1
2
3
7
0
1
2
4
0
2
7
0
3
5
2
3
3
5
7
6
1
5
0
6
1
4
6
5
7
2
4
7
2
3
4
6
1
3
2
6
1
5
7
1
4
5
6
4
5
6
0
3
6
3
5
6
0
1
6
0
1
4
0
4
6
7
0
2
4
1
0
5
6
1
6
7
0
1
2
5
4
7
5
7
4
7
0
1
4
6
0
3
5
6
0
3
0
5
6
7
0
1
2
5
7
2
4
5
6
7
1
2
3
6
4
1
0
5
6
0
5
7
0
2
3
7
1
3
6
1
2
6