50
96
29
13
54
57
70
85
95
34
57
90
80
10
49
24
99
87
5
32
54
68
39
11
69
61
63
77
96
11
23
6
80
91
58
62
91
33
74
59
44
18
80
40
75
94
23
71
18
96
45
32
14
55
40
93
72
42
73
96
25
28
98
82
27
36
8
40
55
18
80
13
36
72
28
32
46
40
42
38
6
65
5
11
90
60
27
77
68
39
32
56
12
5
63
97
53
32
40
86
77
68
66
60
87
5
87
44
85
100
55
32
39
79
82
39
45
8
49
23
87
17
23
49
53
11
49
42
79
85
74
62
45
59
49
28
61
62
88
29
41
21
67
20
62
99
47
31
15
98
52
71
20
26
60
94
90
3
19
66
66
40
53
74
11
3
28
31
9
14
41
47
35
68
36
36
96
97
52
8
46
33
68
16
36
23
21
34
71
41
49
5
14
92
2
1
45
61
20
56
93
39
48
46
66
28
30
76
79
94
36
54
69
84
91
90
96
82
14
84
31
34
30
86
79
20
35
21
14
28
7
12
79
26
53
32
6
33
39
19
52
58
16
74
82
33
20
30
29
69
84
83
28