3
5
6
9
10
11
13
14
19
21
25
33
37
38
42
44
48
5
12
13
17
21
22
23
25
34
39
40
41
44
45
46
47
0
4
5
7
9
11
13
14
16
17
19
24
26
30
32
33
35
37
39
43
48
0
4
7
8
11
14
17
22
24
25
27
31
37
39
40
44
49
0
9
12
15
17
18
20
21
22
23
31
32
34
36
41
42
48
49
4
8
11
15
17
25
26
32
33
35
39
40
43
44
48
8
9
13
15
21
23
31
32
34
37
40
48
0
4
6
7
8
12
13
26
31
33
34
35
44
45
0
3
6
7
8
18
21
22
23
24
28
34
37
38
39
43
45
0
4
5
7
9
15
17
18
19
24
27
31
32
33
40
43
44
46
48
4
5
8
10
12
16
17
18
19
21
22
27
28
31
37
39
40
42
45
47
0
1
4
5
6
7
14
15
21
22
24
27
29
31
32
33
34
39
42
45
47
49
4
5
6
7
9
12
15
16
18
19
20
21
22
23
29
31
42
45
47
48