003F
0000
0002
0003
0007
0009
000A
000C
000E
0011
0013
0014
0015
0016
0017
0019
001A
001C
001D
0021
0022
0024
0026
0028
0029
002B
002C
002E
0030
0031
0032
0036
0037
0038
003A
003B
003D
003E
003F
0041
0042
0044
0045
0047
0048
0049
004B
004C
004F
0050
0051
0052
0054
0055
0057
0058
0059
005A
005B
005D
005E
005F
0060
0063
0063
0000
0001
0006
0001
0002
0008
0009
0003
0006
0009
0000
0002
0006
0008
0001
0004
0006
0001
0003
0003
0001
0003
0006
0000
0009
0002
0001
0005
0006
0003
0004
0006
0009
0000
0001
0008
0008
0009
0004
0006
0005
0000
0007
0004
0007
0008
0001
0006
0001
0009
0001
0003
0004
0008
0000
0000
0004
0005
0003
0000
0006
0007
0000
0000
0005
0000
0007
0009
0001
0000
0001
0009
0001
0004
0007
0005
0000
0004
0005
0009
0007
0001
0002
0009
0008
0005
0008
0008
0005
0009
0007
0000
0001
0008
0008
0004
0000
0002
0006
