0
1
5
9
11
12
13
17
19
0
3
4
5
8
10
11
13
18
0
2
6
9
11
13
15
17
0
9
11
12
13
16
4
5
7
8
9
10
13
0
3
8
10
12
13
15
17
1
3
5
8
11
13
16
18
1
7
8
12
1
8
12
13
14
15
17
18
0
11
12
13
17
18
0
5
7
12
14
16
17
18
19
1
6
8
9
11
12
15
17
18
0
5
15
5
7
9
11
14
18
0
1
3
6
10
12
13
15
16
1
6
7
8
9
15
18
19
0
1
2
4
12
13
15
17
19
0
2
3
10
11
1
8
9
13
16
17
3
7
15
18
19
1
5
10
15
0
4
5
6
7
9
16
17
19
0
1
2
3
4
9
10
16
17
18
0
2
4
10
13
14
15
16
18
2
11
13
17
18
19
2
3
5
9
10
11
12
16
0
1
14
18
0
1
2
7
8
9
13
15
18
3
6
7
14
16
0
8
9
12
16
19