70
100
76
19
65
10
8
53
1
14
92
45
9
47
67
13
68
73
16
90
90
87
18
68
99
36
55
95
83
24
73
29
45
10
61
58
19
43
25
75
3
5
80
57
13
94
64
23
72
66
73
39
54
6
5
31
88
68
94
45
100
30
98
32
17
2
100
91
100
45
11
92
84
14
88
19
32
23
99
36
32
6
10
60
60
11
18
84
79
62
2
10
30
51
94
82
52
15
76
41
78
43
89
83
73
46
58
14
48
74
3
100
73
72
96
30
42
100
28
93
50
21
74
12
67
72
69
85
44
22
6
63
5
60
61
89
62
17
62
80
17
83
7
90
43
40
63
90
62
77
30
1
10
1
35
24
42
49
34
46
95
50
56
33
46
60
3
90
49
33
55
6
53
97
78
83
67
31
73
72