48
98
97
66
54
35
19
75
28
48
77
61
29
3
24
10
48
41
49
75
21
31
76
94
74
80
54
37
66
99
57
71
58
21
62
79
64
71
1
56
18
68
93
34
55
51
36
96
71
71
69
42
72
24
49
42
42
25
41
64
77
42
54
19
73
22
57
84
40
11
7
89
86
66
93
66
66
43
64
41
49
49
79
38
89
11
48
54
23
82
68
26
53
30
47
2
35
12
58
74
21
6
67
13
6
84
80
38
59
24
49
61
53
56
4
87
38
94
96
7
24
20
7
21
70
94
75
21
28
16
44
71
83
97
7
30
58
29
32
64
29
98
25
35
51
99
90
74
90
66
58
40
18
18
3
46
93
63
37
95
42
19
17
3
27
58
24
9
65
83
60
11
39
99
85
10
10
71
99
13
34
38
2
59
31
83
74
79
37
49
39
47
86
12
10
46
75
16
49
68
37
78
55
5
49
6
26
52
78
69
52
31
53
81
87
34
76
88
13
14
38
26
65
4
90
13
75
8
60
62
72
52
46
73
66
70
96
34
15
40
31
68
22
66
55
29
85
19
31
81
31
92
70
47
17
51
83
63
57
27
96
9
53
60
83
34
96
10
27
96
11
47
56
26
58
58
59
5
77
34
86
6
35
57
63
98
12
17
99
37
41
93
57