98
41
19
25
63
96
61
19
93
7
5
75
8
7
42
55
63
22
9
1
63
46
4
39
78
23
87
42
47
91
37
71
18
28
61
17
17
47
94
95
5
4
87
48
10
79
10
39
96
17
51
13
16
54
48
63
59
75
57
48
20
50
12
55
61
73
86
51
69
74
25
79
6
57
46
33
13
17
48
84
88
36
89
32
47
33
15
22
41
49
49
60
67
28
13
67
6
21
86
87
64
86
34
68
55
96
29
100
33
98
16
5
50
23
91
41
80
16
25
31
77
83
9
38
83
48
47
45
2
94
56
33
12
30
21
54
35
16
73
23
34
46
52
54
34
58
79
83
34
10
46
48
40
13
76
33
60
82
32
68
41
79
32
64
33
84
17
47
97
92
62
39
92
44
50
23
14
33
4
56
32
47
49
97
3
60
23
9
9
93
14
64
80
2
100
89
93
56
17
28
43
98
17
98
15
65
1
83
15
25
41
70
64
34
80
14
58
5
40
40
62
49
37
15
91
61
67
80
59
6
62
81
97
84
64
40
38
71
45
25
60
67
98
62
68
13
2
16
3
15
49
98
85
17
98
6
56
62
39
29
5
37