0015
0000
0014
0026
0037
0048
005C
006B
0078
0089
0099
00A7
00BA
00CA
00DD
00EE
00FE
0110
0120
0131
0141
0155
0155
0000
0001
0002
0003
0004
0005
0006
0007
0008
0009
000A
000B
000C
000D
000E
000F
0010
0011
0012
0013
0000
0001
0002
0003
0004
0005
0006
0007
0008
0009
000A
000B
000D
000E
000F
0010
0011
0012
0001
0002
0003
0004
0005
0006
0007
0008
0009
000A
000B
000C
000D
000F
0010
0011
0012
0000
0001
0002
0003
0004
0005
0006
0007
0008
0009
000A
000C
000D
000F
0011
0012
0013
0000
0001
0002
0003
0004
0005
0006
0007
0008
0009
000A
000B
000C
000D
000E
000F
0010
0011
0012
0013
0000
0001
0002
0004
0005
0006
0008
0009
000A
000D
000E
000F
0010
0011
0013
0000
0002
0003
0005
0006
0008
000A
000B
000C
000D
000E
0010
0012
0000
0002
0003
0004
0005
0006
0008
0009
000A
000B
000D
000E
000F
0010
0011
0012
0013
0001
0003
0004
0005
0006
0008
0009
000A
000B
000C
000D
000E
000F
0010
0011
0013
0000
0001
0002
0003
0004
0005
0006
0007
0009
000E
000F
0011
0012
0013
0000
0001
0002
0003
0004
0005
0006
0008
0009
000A
000B
000C
000D
000E
000F
0010
0011
0012
0013
0000
0002
0003
0004
0005
0006
0008
0009
000A
000B
000C
000D
000E
000F
0010
0012
0000
0001
0002
0003
0004
0005
0006
0007
0008
0009
000A
000C
000D
000E
000F
0010
0011
0012
0013
0000
0002
0003
0004
0005
0006
0007
0008
0009
000A
000B
000C
000D
000F
0010
0011
0012
0001
0002
0003
0005
0006
0008
0009
000A
000B
000C
000E
000F
0010
0011
0012
0013
0000
0001
0002
0003
0004
0005
0006
0008
0009
000A
000C
000D
000E
000F
0010
0011
0012
0013
0000
0001
0002
0003
0004
0005
0006
0008
000A
000D
000E
000F
0010
0011
0012
0013
0000
0001
0002
0003
0004
0006
0008
0009
000A
000C
000D
000E
000F
0010
0011
0012
0013
0000
0003
0004
0005
0006
0008
0009
000A
000B
000C
000D
000E
000F
0010
0011
0012
0000
0001
0002
0003
0004
0005
0006
0007
0008
0009
000A
000B
000C
000D
000E
000F
0010
0011
0012
0013
