0
3
5
7
15
19
21
23
29
33
35
37
41
43
45
49
53
1
5
9
15
19
21
25
31
35
37
39
43
53
11
13
17
19
25
27
29
31
33
35
37
43
47
49
51
53
1
3
9
13
17
21
23
27
29
31
33
35
37
41
45
47
51
3
7
13
15
17
23
25
29
31
33
37
39
41
43
49
51
53
0
1
3
5
7
9
11
15
17
19
21
27
31
37
41
43
45
49
1
5
7
9
15
19
21
25
31
33
37
41
43
53
0
1
3
5
23
25
27
41
43
45
47
51
53
0
1
9
13
19
21
23
27
29
31
33
35
39
43
45
47
51
53
1
7
9
13
19
25
37
41
43
47
49
51
53
3
5
7
15
17
25
27
29
35
37
39
43
45
1
3
5
9
13
19
23
25
29
35
37
41
47
49
51