0
8
9
16
18
20
30
36
37
38
39
40
0
1
3
5
7
17
18
22
23
24
25
31
36
37
38
8
9
16
18
20
24
28
30
40
3
6
7
8
9
11
13
19
21
23
25
27
31
35
36
38
2
3
9
14
15
19
21
26
29
31
33
34
35
38
40
0
1
5
6
7
8
10
14
15
17
20
22
25
26
27
29
31
34
36
37
39
40
2
3
4
8
12
15
19
21
22
26
28
30
35
36
37
1
2
4
7
9
12
13
16
21
22
25
26
27
28
29
31
35
36
37
39
0
2
8
10
14
15
18
28
29
30
31
34
36
38
39
40
0
1
4
10
12
18
20
21
22
25
27
28
29
31
37
38
39
12
14
15
17
22
24
27
31
35
37
38
3
5
8
14
15
16
21
22
24
33
34
39
3
8
9
11
15
16
17
18
22
27
35
39
4
5
6
9
11
12
16
18
19
23
25
26
27
31
33
34
37
0
6
12
14
15
18
21
25
28
29
30
32
33
36
38
39
40