52
85
99
72
59
93
2
10
26
73
85
22
23
14
93
49
79
18
64
60
21
85
39
93
94
63
32
2
8
42
94
29
58
25
23
100
45
97
85
16
81
56
44
79
81
46
56
33
2
78
48
95
58
11
73
72
83
19
12
83
51
42
94
89
28
6
39
4
70
47
68
85
85
75
41
60
99
86
29
27
23
98
57
78
74
81
71
71
36
66
9
8
12
56
41
93
67
75
33
73
79
86
44
25
76
44
53
93
9
90
41
51
85
87
49
99
35
99
42
79
87
23
4
44
9
30
50
96
86
19
7
8
70
29
89
33
75
58
14
89
79
1
52
20
13
81
12
78
23
24
12
99
97
85
20
88
69
15
68
15
97
6
79
2
57
15
8
50
56
20
43
77
33
10
46
35
38
88
31
37
20
89
80
3
59
24
74
88
51
57
38
78
78
39
95
21
74
66
37
11
68
42
16
45
57
82
14
69
77
7
97
26
91
21
21
15
66
88
48
53
25
69
76
43
80
78