98
11
85
82
66
21
59
35
71
84
56
1
44
3
63
10
84
68
57
68
96
33
17
34
100
87
98
98
13
28
77
5
86
36
51
14
23
14
28
18
13
30
24
9
64
61
45
74
76
80
47
34
94
29
40
39
76
35
93
72
84
12
43
95
22
51
40
13
21
80
1
20
90
40
50
37
74
52
29
52
59
33
98
44
62
76
53
3
14
80
72
35
63
66
16
51
69
5
92
100
77
79
34
95
92
67
16
79
17
47
2
70
99
64
77
17
10
11
70
70
49
83
84
18
64
97
81
8
47
61
88
72
58
24
74
39
20
18
54
26
45
32
51
33
29
87
32
96
11
72
81
1
59
47
49
72
10
8
54
36
51
43
93
42
33
6
13
23
94
64
64
78
50
92
84
21
81
82
61
74
6
9
6
42
28
76
61
7
58
66
82
26
30
75
37
22
97
80
45
39
88
6
25
2
24
70
13
17
9
39
70
28
70
59
76
51
32
41
31
33
97
67
5
6
42
71
43
46