46
13
12
100
43
51
92
15
78
71
3
29
16
36
100
11
37
51
11
56
17
47
85
22
82
14
30
98
81
73
60
25
14
100
88
19
65
83
96
85
83
21
43
54
56
100
86
53
93
55
16
9
14
39
80
73
80
14
80
18
34
66
72
65
12
45
97
42
19
86
32
32
68
16
44
55
41
8
10
36
56
56
52
56
18
87
19
31
90
88
24
71
99
85
84
2
4
89
48
72
33
5
27
30
96
86
48
27
40
37
56
53
22
46
45
76
86
59
31
14
82
42
44
55
98
10
77
17
66
90
91
18
92
34
26
80
27
24
64
63
52
10
100
45
81
1
85
62
70
4
30
37
55
79
36
79
18
59
34
19
25
82
66
10
91
38
35
53
80
39
90